    L1_0004        IKLup  0  0  0   6.439   0.052  154.6    2.9    2.5  3.610  0.018  0.022  -0.06  0.20  0.18  -0.14  0.08  0.13      0  6.11  0.40  0.36     0  -10.26  0.54  0.45    1   -9.44  -1.089  0.042  0.050  1.394  0.022  0.019  0      0   23.2    5.4    4.3   24.5    6.7    4.2   23.6    4.5    3.8   25.4    5.4    4.2  -4.42  0.16  0.10  -4.44  0.15  0.13  -4.43  0.15  0.08  -4.46  0.14  0.10  2.77  0.06  0.07  
    L1_0005         Sz66  0  0  0   6.356   0.085  156.3    3.7    2.7  3.534  0.010  0.011  -0.66  0.20  0.21  -0.51  0.06  0.09      0  6.23  0.33  0.35     0   -8.52  0.34  0.32    0       0  -1.689  0.071  0.060  1.094  0.219  0.104  0      0   27.5   11.5    5.4   32.8   22.9    5.9   31.4   11.0    6.1   36.3   24.6    6.0  -5.14  0.20  0.15  -5.25  0.18  0.21  -5.19  0.18  0.15  -5.31  0.17  0.19  2.32  0.06  0.07  
    L1_0013    J15450634  0  0  9   6.462   0.057  154.1    2.9    2.6      0      0      0      0     0     0      0     0     0      0     0     0     0     0       0     0     0    0       0  -1.731  0.044  0.053  0.885  0.066  0.240  0      0      0      0      0      0      0      0   27.3   16.1    4.1   28.4   25.6    3.5      0     0     0      0     0     0  -5.18  0.16  0.21  -5.21  0.14  0.29  1.94  0.04  0.08  
    L1_0014    J15450887  0  0  0   6.453   0.201  153.9    6.3    4.5  3.486  0.010  0.011  -1.20  0.21  0.23  -0.90  0.10  0.05      0  6.33  0.28  0.57     0   -8.34  0.33  0.34    0       0  -1.232  0.049  0.057  1.215  0.031  0.024  0      0   14.0    3.8    2.5   14.8    4.9    2.5   20.7    4.1    3.5   21.6    5.7    3.5  -4.24  0.20  0.13  -4.29  0.21  0.14  -4.48  0.15  0.11  -4.52  0.15  0.13  2.23  0.06  0.08  
    L1_0016        HWLup  0  0  0   6.471   0.082  153.9    3.3    2.9  3.505  0.010  0.011  -1.03  0.20  0.20  -0.73  0.08  0.10      0  6.38  0.30  0.40     0   -9.45  0.34  0.33    0       0  -1.682  0.042  0.056  0.974  0.052  0.128  0      0   22.1   11.7    3.6   22.9   21.4    2.9   26.6   13.3    3.8   27.5   25.0    3.1  -5.00  0.17  0.21  -5.05  0.16  0.30  -5.11  0.15  0.19  -5.13  0.12  0.31  2.09  0.05  0.07  
    L3_1001        GWLup  0  0  0   6.415   0.055  155.3    2.9    2.7  3.560  0.019  0.021  -0.48  0.20  0.21  -0.34  0.10  0.17      0  6.27  0.43  0.40     0   -8.99  0.31  0.39    0       0  -0.632  0.040  0.052  1.832  0.009  0.010  0      0   11.9    3.0    2.2   15.1    3.7    2.6   13.5    2.4    2.4   17.2    2.8    3.1  -3.52  0.23  0.13  -3.70  0.19  0.11  -3.60  0.19  0.10  -3.76  0.16  0.09  2.50  0.04  0.07  
    L3_1002        HMLup  0  0  0   6.415   0.046  155.0    3.0    2.3  3.552  0.020  0.021  -0.56  0.19  0.21  -0.38  0.10  0.19      0  6.28  0.46  0.40     0   -8.63  0.36  0.33    0       0  -1.743  0.050  0.055  0.999  0.078  0.097  0      0   28.9   12.9    5.2   29.9   24.4    4.2   32.5   13.2    5.3   33.5   26.6    4.2  -5.21  0.17  0.17  -5.26  0.16  0.25  -5.27  0.14  0.15  -5.31  0.13  0.25  2.43  0.04  0.06  
    L3_1003         Sz73  0  0  0   6.378   0.054  156.1    3.0    2.6  3.610  0.019  0.022  -0.34  0.20  0.21  -0.09  0.04  0.14      0  6.61  0.31  0.45     0   -8.10  0.35  0.32    0       0  -1.381  0.041  0.054  1.459  0.033  0.033  0      0   24.6    7.0    4.7   40.3   12.2    8.0   38.4    8.2    6.6   62.2   13.8   12.7  -4.76  0.18  0.11  -5.03  0.16  0.11  -4.99  0.13  0.09  -5.23  0.14  0.09  3.15  0.05  0.05  
      gqlup        GQLup  0  0  0   6.587   0.047  151.2    2.7    2.4  3.624  0.019  0.020   0.16  0.19  0.18  -0.11  0.09  0.13      0  5.89  0.39  0.33     0   -7.62  0.35  0.33    0       0  -1.051  0.042  0.049  1.266  0.007  0.007  0      0   31.3    7.0    5.8   35.1    7.8    6.4   31.7    5.8    5.1   35.7    6.3    5.9  -4.55  0.14  0.10  -4.62  0.14  0.09  -4.57  0.14  0.07  -4.63  0.13  0.07  2.99  0.03  0.06  
      imlup        IMLup  0  0  0   6.311   0.054  157.8    3.0    2.7  3.640  0.018  0.022   0.41  0.19  0.19  -0.05  0.09  0.13      0  5.72  0.36  0.37     0   -7.92  0.32  0.36    0       0  -0.131  0.042  0.051  2.248  0.011  0.010  0      0   12.8    3.6    2.3   20.4    5.1    3.4   11.6    2.2    2.2   18.5    3.2    3.2  -3.12  0.23  0.12  -3.42  0.17  0.10  -3.01  0.22  0.10  -3.33  0.15  0.09  2.99  0.06  0.07  
    L3_1005        RULup  0  0  0   6.267   0.067  159.0    3.1    3.1  3.610  0.018  0.022   0.16  0.21  0.20  -0.20  0.12  0.11      0  5.72  0.42  0.39     0   -7.06  0.34  0.34    0       0  -0.246  0.040  0.054  1.632  0.010  0.007  0      0   21.6    5.5    3.8   27.2    6.8    4.6   31.7    5.8    5.2   39.5    7.1    6.3  -3.53  0.15  0.12  -3.66  0.14  0.12  -3.75  0.13  0.08  -3.87  0.13  0.07  3.58  0.05  0.05  
    L3_1006         Sz84  0  1  0   6.551   0.102  152.3    3.2    3.4  3.495  0.010  0.011  -0.91  0.21  0.19  -0.81  0.07  0.09      0  6.14  0.14  0.73     0   -9.19  0.33  0.33    0       0  -1.399  0.041  0.055  1.549  0.016  0.017  0      0   11.3    2.6    2.1   11.9    2.8    2.1    7.6    2.8    0.0    9.2    1.8    1.2  -4.24  0.22  0.13  -4.28  0.21  0.13  -4.02  0.18  0.12  -4.08  0.20  0.11  1.47  0.05  0.08  
    L3_1014        Sz129  0  0  0   6.185   0.050  161.0    3.1    2.8  3.610  0.018  0.022  -0.36  0.18  0.19  -0.08  0.03  0.15      0  6.59  0.36  0.37     0   -8.29  0.35  0.31    0       0  -0.617  0.037  0.056  1.681  0.009  0.007  0      0   14.2    3.6    2.4   16.7    4.1    2.7   16.6    3.0    2.9   19.2    3.5    3.1  -3.64  0.19  0.13  -3.75  0.17  0.11  -3.73  0.17  0.09  -3.83  0.15  0.09  2.64  0.06  0.07  
    L3_1015        RYLup  0  1  0   6.285   0.070  158.3    3.4    2.7  3.692  0.017  0.023   0.28  0.18  0.20   0.14  0.05  0.08      0  6.36  0.33  0.30     0   -8.10  0.31  0.34    0       0  -0.440  0.043  0.051  1.979  0.010  0.007  0      0   12.9    3.0    2.2   13.2    3.1    2.3   17.5    3.0    2.9   17.8    3.1    3.0  -3.39  0.21  0.11  -3.41  0.20  0.12  -3.58  0.15  0.09  -3.59  0.15  0.10  3.57  0.04  0.06  
    L4_0144    J16000060  0  0  0   6.203   0.075  160.4    3.6    2.9  3.506  0.010  0.011  -1.00  0.20  0.21  -0.74  0.10  0.08      0  6.34  0.28  0.47     0   -9.66  0.30  0.37    0       0  -2.290  0.071  0.077  1.398  0.084  0.180  0      0   12.9    5.8    2.3   13.6    7.8    2.2    9.7    4.0    1.4   10.5    5.5    1.5  -5.25  0.24  0.24  -5.28  0.22  0.29  -5.02  0.24  0.26  -5.08  0.23  0.30  1.35  0.05  0.08  
    L4_0145    J16000236  0  0  0   6.091   0.078  163.5    3.6    3.2  3.514  0.010  0.009  -0.78  0.22  0.18  -0.67  0.09  0.08      0  6.14  0.26  0.56     0   -9.55  0.33  0.33    0       0  -0.777  0.039  0.056  1.926  0.010  0.010  0      0    7.9    2.9    0.1   10.3    3.2    0.9    7.7    1.0    0.2    9.4    1.7    0.7  -3.29  0.05  0.26  -3.56  0.15  0.17  -3.24  0.05  0.13  -3.45  0.11  0.13  1.75  0.06  0.07  
    L4_0148        Sz130  0  0  0   6.240   0.039  159.6    2.9    2.6  3.553  0.018  0.022  -0.76  0.22  0.19  -0.38  0.11  0.16      0  6.53  0.46  0.36     0   -9.10  0.35  0.34    0       0  -2.118  0.064  0.061  1.154  0.092  0.239  0      0   20.8   12.4    3.5   22.2   18.9    3.3   22.4   12.3    3.5   23.6   19.7    3.0  -5.40  0.20  0.25  -5.45  0.19  0.30  -5.42  0.16  0.25  -5.47  0.15  0.31  2.19  0.04  0.08  
    L4_0150        MYLup  0  0  0   6.386   0.048  155.9    2.9    2.5  3.708  0.020  0.021  -0.06  0.17  0.21   0.09  0.03  0.13      0  7.01  0.55  0.31     0  -10.32  0.42  0.76    1   -9.60  -0.653  0.039  0.054  1.766  0.009  0.008  0      0   14.9    3.8    2.5   17.0    4.0    2.9   16.5    3.1    2.7   18.7    3.3    3.2  -3.70  0.18  0.12  -3.79  0.17  0.12  -3.76  0.16  0.10  -3.84  0.15  0.10  2.87  0.06  0.07  
    L4_0151        Sz131  0  0  0   6.238   0.053  159.5    3.2    2.6  3.534  0.010  0.011  -0.82  0.19  0.20  -0.50  0.06  0.08      0  6.47  0.32  0.31     0   -9.19  0.33  0.33    0       0  -1.921  0.048  0.057  1.198  0.072  0.083  0      0   19.0    8.1    3.1   20.0   17.2    2.6   18.8    6.8    3.0   19.6   16.2    2.4  -5.15  0.18  0.17  -5.20  0.16  0.29  -5.12  0.15  0.17  -5.18  0.15  0.29  1.92  0.06  0.07  
    L4_0153    J16011549  0  0  9   6.199   0.399  160.0   13.6    8.2      0      0      0      0     0     0      0     0     0      0     0     0     0     0       0     0     0    0       0  -0.897  0.075  0.073  1.983  0.036  0.028  0      0      0      0      0      0      0      0    8.1    1.8    0.2   11.5    2.5    1.1      0     0     0      0     0     0  -3.45  0.10  0.15  -3.75  0.14  0.13  2.00  0.08  0.08  
    L3_0021         Sz90  0  0  0   6.234   0.045  159.8    2.9    2.7  3.609  0.020  0.021  -0.38  0.19  0.19  -0.08  0.03  0.15      0  6.65  0.31  0.40     0   -8.93  0.32  0.33    0       0  -1.520  0.042  0.052  1.280  0.034  0.026  0      0   20.9    5.5    3.7   22.0    6.8    3.9   22.3    4.9    3.6   23.3    6.4    3.6  -4.79  0.17  0.11  -4.82  0.16  0.13  -4.82  0.14  0.10  -4.86  0.15  0.12  2.53  0.06  0.07  
       sz91         Sz91  0  1  0   6.287   0.065  158.6    2.9    3.1  3.571  0.017  0.023  -0.71  0.21  0.19  -0.27  0.08  0.14      0  6.78  0.35  0.43     0   -9.09  0.36  0.31    0       0  -1.221  0.036  0.056  1.983  0.008  0.009  0      0    7.0    1.2    0.0    7.0    1.2    0.0    7.0    0.0    0.0    7.0    0.0    0.0  -3.61  0.03  0.17  -3.60  0.03  0.18  -3.59  0.03  0.06  -3.59  0.03  0.06  1.10  0.05  0.08  
    L3_0028         Sz95  0  0  0   6.322   0.077  157.4    3.4    2.8  3.534  0.010  0.011  -0.58  0.18  0.20  -0.52  0.07  0.08      0  6.12  0.31  0.38     0   -9.40  0.31  0.35    0       0  -2.189  0.062  0.058  0.995  0.118  0.440  1  1.245   27.9   24.8    4.4   29.8   33.0    3.9   19.4   16.4    3.0   20.6   22.5    2.4  -5.67  0.20  0.28  -5.74  0.21  0.29  -5.45  0.22  0.30  -5.55  0.24  0.30  1.59  0.05  0.07  
    L3_0033    J16080017  0  0  0   6.254   0.113  159.2    4.1    3.5  3.485  0.009  0.010  -1.44  0.19  0.20  -0.92  0.11  0.04      0  6.61  0.32  0.30     0  -10.58  0.33  0.33    0       0  -2.330  0.054  0.065  0.676  0.277  0.315  1  1.132   21.3   18.8    4.0   24.0   22.8    4.6   21.2   17.7    3.9   23.1   22.3    3.8  -5.73  0.30  0.22  -5.80  0.29  0.23  -5.73  0.31  0.20  -5.79  0.29  0.23  1.34  0.05  0.07  
    L3_0037         Sz96  0  0  0   6.388   0.053  156.0    2.8    2.8  3.570  0.019  0.022  -0.38  0.20  0.20  -0.32  0.12  0.15      0  6.17  0.48  0.36     0   -9.41  0.37  0.33    0       0  -2.291  0.059  0.065  1.071  0.112  0.439  1  1.303   29.4   26.8    4.4   31.4   38.1    3.8   30.5   26.5    4.3   32.2   38.6    3.4  -5.82  0.21  0.27  -5.91  0.23  0.28  -5.83  0.19  0.28  -5.92  0.23  0.28  2.49  0.05  0.08  
    L3_0040         Sz97  0  0  0   6.339   0.069  157.2    3.1    2.9  3.515  0.009  0.010  -0.99  0.21  0.20  -0.63  0.06  0.11      0  6.45  0.31  0.33     0   -9.86  0.33  0.32    0       0  -2.150  0.050  0.055  0.877  0.120  0.435  1  1.113   25.1   22.1    3.9   27.6   27.5    4.4   22.2   18.5    3.4   23.9   23.8    3.3  -5.63  0.25  0.22  -5.70  0.26  0.23  -5.53  0.22  0.25  -5.63  0.26  0.23  1.60  0.05  0.07  
    L3_0041        HKLup  0  0  0   6.401   0.050  155.5    2.9    2.5  3.610  0.018  0.022   0.18  0.19  0.19  -0.21  0.12  0.11      0  5.73  0.37  0.40     0   -7.53  0.35  0.33    0       0  -0.496  0.042  0.051  2.068  0.008  0.008  0      0   12.3    3.0    2.3   14.2    3.4    2.4   14.1    2.5    2.4   16.0    3.0    2.5  -3.40  0.20  0.13  -3.51  0.19  0.12  -3.49  0.18  0.10  -3.59  0.16  0.09  3.17  0.06  0.07  
    L3_0043        Sz100  0  1  0   7.302   0.170  136.2    4.2    3.2  3.486  0.009  0.010  -1.09  0.19  0.22  -0.90  0.09  0.06      0  6.23  0.18  0.68     0   -9.84  0.32  0.34    0       0  -1.283  0.044  0.055  1.519  0.014  0.014  0      0    9.6    2.3    1.8    9.7    2.3    1.7   12.3    2.1    2.2   12.6    2.0    2.2  -4.00  0.25  0.13  -4.00  0.23  0.15  -4.18  0.19  0.10  -4.19  0.18  0.10  2.10  0.05  0.07  
    L3_0049        Sz103  0  0  0   6.270   0.106  158.6    4.1    3.2  3.515  0.009  0.011  -0.93  0.20  0.20  -0.64  0.07  0.10      0  6.36  0.31  0.34     0   -9.30  0.31  0.34    0       0  -1.796  0.056  0.056  1.029  0.069  0.131  0      0   23.1   10.4    4.2   24.3   19.1    3.5   25.2   10.4    4.1   26.4   20.1    3.4  -5.14  0.18  0.17  -5.19  0.18  0.25  -5.18  0.16  0.17  -5.23  0.15  0.24  2.03  0.05  0.07  
    L3_0050    J16083070  0  1  4   6.406   0.039  155.3    2.9    2.3  3.690  0.020  0.021   0.26  0.19  0.18   0.14  0.06  0.08      0  6.39  0.30  0.35  5.82  -11.08  1.46  0.05    1   -9.28  -0.760  0.039  0.053  1.934  0.008  0.008  0      0   12.8    3.1    2.1   12.9    3.2    2.1   11.0    1.9    1.8   11.2    2.0    1.9  -3.70  0.20  0.12  -3.71  0.19  0.12  -3.58  0.20  0.10  -3.59  0.20  0.10  2.77  0.05  0.07  
    L3_0051        Sz104  0  0  0   6.044   0.086  164.9    3.6    3.6  3.494  0.011  0.009  -1.15  0.20  0.21  -0.83  0.11  0.07      0  6.36  0.31  0.42     0   -9.98  0.31  0.35    0       0  -2.250  0.059  0.064  0.972  0.141  0.452  1  1.245   19.7   19.3    3.0   21.3   24.8    2.9   21.9   20.9    3.0   23.7   26.9    3.0  -5.57  0.25  0.29  -5.67  0.29  0.28  -5.62  0.22  0.29  -5.70  0.24  0.29  1.83  0.05  0.07  
    L3_0060       Sz108B  0  0  0   5.917   0.120  168.5    4.5    4.4  3.495  0.010  0.011  -0.97  0.23  0.23  -0.81  0.08  0.09      0  6.17  0.25  0.69     0   -9.57  0.32  0.34    0       0  -1.404  0.047  0.054  1.378  0.029  0.020  0      0   12.7    3.6    2.2   13.6    3.8    2.5   13.7    2.5    2.4   14.3    2.9    2.4  -4.36  0.23  0.12  -4.40  0.21  0.13  -4.38  0.18  0.10  -4.41  0.17  0.12  1.90  0.05  0.08  
    L3_0065    J16084940  0  0  0   6.278   0.189  158.6    6.0    4.8  3.515  0.009  0.010  -0.81  0.20  0.21  -0.67  0.09  0.07      0  6.22  0.28  0.49     0   -9.76  0.34  0.33    0       0  -2.511  0.100  0.079  1.231  0.188  0.594  1  1.636   16.5   24.1    2.3   17.8   29.8    2.1   21.2   29.8    2.9   22.6   37.1    2.6  -5.84  0.42  0.33  -5.86  0.36  0.38  -5.99  0.40  0.29  -6.02  0.37  0.34  2.40  0.06  0.08  
    L3_0067     V1193Sco  0  0  0   6.269   0.045  158.7    3.1    2.5  3.515  0.009  0.010  -0.76  0.21  0.20  -0.68  0.10  0.06      0  6.14  0.27  0.54     0   -8.82  0.33  0.33    0       0  -1.710  0.042  0.054  1.113  0.048  0.076  0      0   22.0    9.2    3.8   22.7   18.8    3.0   26.4   10.0    4.1   27.2   21.6    3.3  -5.03  0.17  0.16  -5.06  0.16  0.28  -5.11  0.13  0.16  -5.15  0.12  0.28  2.36  0.05  0.08  
    L3_0068    J16085324  0  0  0   5.963   0.104  166.9    4.4    3.7  3.534  0.010  0.011  -0.68  0.21  0.21  -0.50  0.05  0.10      0  6.27  0.33  0.38     0  -10.02  0.33  0.32    0       0  -1.557  0.043  0.056  1.062  0.054  0.106  0      0   25.0   13.0    4.3   25.6   25.8    3.1   21.9   10.3    3.4   22.4   22.1    2.4  -4.96  0.18  0.19  -5.00  0.16  0.30  -4.87  0.16  0.18  -4.91  0.14  0.32  1.90  0.05  0.07  
    L3_0071        Sz111  0  1  0   6.316   0.030  157.3    3.0    2.2  3.570  0.019  0.022  -0.68  0.20  0.21  -0.27  0.08  0.15      0  6.66  0.44  0.35     0   -9.48  0.36  0.33    0       0  -0.632  0.037  0.055  1.846  0.008  0.008  0      0    7.2    3.1    0.0    7.3    3.3    0.0    7.0    0.9    0.0    7.0    1.1    0.0  -3.03  0.01  0.34  -3.04  0.01  0.34  -3.01  0.04  0.12  -3.01  0.04  0.14  1.73  0.04  0.08  
    L3_0072    J16085529  0  0  1   5.963   0.104  167.0    4.3    3.8  3.468  0.010  0.011  -1.26  0.22  0.25  -0.99  0.08  0.00  -0.86  6.27  0.22  0.76     0  -10.76  0.33  0.33    2  -11.31  -2.387  0.066  0.070  0.780  0.325  0.332  1  1.313   19.8   19.4    3.7   22.8   22.8    4.4   14.6   13.6    2.6   17.1   15.9    3.3  -5.75  0.32  0.26  -5.82  0.30  0.25  -5.57  0.35  0.25  -5.70  0.38  0.20  1.01  0.05  0.08  
    L3_0073        Sz112  0  0  0   6.239   0.075  159.2    3.7    2.7  3.495  0.009  0.011  -0.92  0.21  0.20  -0.82  0.08  0.08      0  6.13  0.17  0.70     0   -9.92  0.35  0.31    0       0  -2.176  0.058  0.062  1.263  0.090  0.189  0      0   16.5    8.8    2.7   17.5   15.9    2.3   20.2    9.8    3.1   21.2   18.5    2.6  -5.33  0.22  0.21  -5.37  0.18  0.32  -5.43  0.17  0.22  -5.48  0.16  0.30  2.21  0.06  0.07  
    L3_0074        Sz113  0  0  0   6.126   0.076  162.5    3.6    3.1  3.505  0.010  0.011  -1.37  0.20  0.20  -0.73  0.09  0.08      0  6.79  0.35  0.28     0   -9.11  0.32  0.35    0       0  -1.515  0.043  0.052  1.042  0.042  0.048  0      0   16.2    5.9    2.9   16.9   11.1    2.6   21.0    7.0    3.2   21.8   13.9    2.8  -4.63  0.19  0.16  -4.66  0.17  0.26  -4.79  0.15  0.14  -4.82  0.13  0.25  1.89  0.05  0.07  
    L3_0079    J16090141  0  1  0   6.086   0.083  163.8    3.4    3.6  3.515  0.009  0.010  -1.02  0.22  0.18  -0.65  0.09  0.09      0  6.44  0.35  0.27     0   -9.94  0.33  0.32    0       0  -1.596  0.072  0.064  1.824  0.146  0.026  0      0    7.2    2.3    0.0    7.3    2.7    0.0    7.2    1.8    0.0    7.4    2.2    0.0  -4.02  0.07  0.24  -4.05  0.07  0.26  -4.02  0.07  0.19  -4.06  0.08  0.21  1.77  0.05  0.07  
    L3_0080      V908Sco  0  0  0   6.163   0.053  161.6    3.1    2.8  3.502  0.009  0.011  -0.69  0.20  0.21  -0.76  0.08  0.07      0  5.97  0.14  0.75     0   -9.14  0.32  0.34    0       0  -0.872  0.040  0.053  1.615  0.010  0.010  0      0   13.8    3.5    2.6   18.9    4.7    3.3   19.8    3.6    3.6   26.8    4.5    4.6  -3.87  0.20  0.13  -4.09  0.18  0.10  -4.10  0.16  0.09  -4.27  0.14  0.08  2.68  0.04  0.08  
    L3_0091    J16092697  0  0  0   6.275   0.094  158.6    3.8    3.1  3.506  0.010  0.011  -1.15  0.20  0.19  -0.73  0.10  0.08      0  6.49  0.32  0.27     0   -8.23  0.32  0.33    0       0  -2.204  0.066  0.065  1.240  0.093  0.230  1  1.427   15.1    9.6    2.4   16.1   18.0    1.9   15.3    9.0    2.3   16.3   17.7    1.8  -5.29  0.23  0.27  -5.35  0.19  0.38  -5.28  0.19  0.28  -5.35  0.18  0.38  1.68  0.05  0.07  
    L3_0102        Sz117  0  0  0   6.307   0.046  157.7    3.1    2.4  3.524  0.009  0.011  -0.56  0.19  0.18  -0.61  0.09  0.07      0  6.00  0.22  0.57     0   -8.88  0.30  0.34    0       0  -1.858  0.043  0.055  0.878  0.088  0.359  1  1.047   32.3   25.5    4.9   33.3   35.8    3.9   29.0   22.2    4.0   30.2   31.4    3.4  -5.42  0.17  0.25  -5.48  0.20  0.27  -5.37  0.18  0.24  -5.39  0.15  0.31  2.07  0.06  0.07  
    L3_0103        Sz118  0  1  0   6.101   0.047  163.1    3.2    2.7  3.640  0.018  0.022  -0.14  0.18  0.19  -0.01  0.04  0.11      0  6.50  0.35  0.37     0   -9.18  0.34  0.31    0       0  -1.062  0.041  0.053  1.777  0.008  0.010  0      0   12.6    3.0    2.2   12.9    3.0    2.2   13.1    2.3    2.3   13.5    2.2    2.3  -3.98  0.19  0.13  -4.00  0.19  0.13  -4.01  0.19  0.09  -4.02  0.17  0.10  2.68  0.06  0.07  
    L3_0106    J16095628  0  0  1   6.372   0.109  156.3    3.9    3.4  3.476  0.010  0.010  -1.81  0.19  0.20  -0.98  0.12  0.00  -0.81  7.02  0.32  0.25     0  -11.13  0.33  0.32    2  -11.67  -1.993  0.050  0.056  0.891  0.094  0.349  1  1.071   15.7   11.6    2.6   16.7   17.1    2.2   17.3   12.5    2.5   18.4   18.7    2.1  -5.14  0.24  0.26  -5.26  0.29  0.26  -5.20  0.21  0.26  -5.35  0.30  0.22  1.17  0.05  0.07  
    L3_0114    J16101984  0  0  1   6.306   0.136  158.2    4.3    4.3  3.468  0.010  0.011  -1.35  0.23  0.23  -0.99  0.08  0.00  -0.86  6.37  0.27  0.66     0  -10.64  0.33  0.33    2  -11.20  -2.537  0.160  0.102  1.419  0.228  0.441  1  2.070    8.4   11.8    0.0   10.8   13.8    1.2    7.4    6.3    0.1    7.6    9.3    0.1  -5.33  0.38  0.49  -5.40  0.32  0.53  -4.90  0.09  0.66  -4.95  0.08  0.75  0.84  0.06  0.08  
    L3_0116    J16102955  0  0  0   6.126   0.084  162.6    3.6    3.3  3.506  0.010  0.011  -0.99  0.20  0.19  -0.73  0.08  0.09      0  6.28  0.31  0.40     0  -10.02  0.32  0.33    0       0  -1.965  0.054  0.060  1.587  0.069  0.039  0      0   10.6    2.7    2.0   11.5    3.9    1.9    9.6    2.1    1.4   10.7    3.0    1.7  -4.75  0.23  0.15  -4.84  0.22  0.17  -4.67  0.21  0.13  -4.76  0.20  0.16  1.66  0.05  0.07  
    L3_0137    J16124373  0  0  0   6.257   0.048  159.2    2.9    2.7  3.571  0.017  0.023  -0.41  0.20  0.18  -0.30  0.10  0.16      0  6.26  0.41  0.39     0   -9.10  0.35  0.33    0       0  -1.397  0.043  0.052  1.218  0.034  0.036  0      0   24.3    7.7    4.2   25.9   15.8    3.7   20.6    5.3    3.5   21.8   12.4    3.0  -4.77  0.17  0.12  -4.82  0.15  0.21  -4.65  0.16  0.12  -4.71  0.15  0.22  2.08  0.06  0.07  
    L3_0141    J16134410  0  0  0   6.250   0.085  159.2    3.7    3.0  3.495  0.009  0.011  -1.37  0.20  0.18  -0.83  0.11  0.07      0  6.65  0.30  0.29     0   -9.23  0.32  0.33    0       0  -2.396  0.085  0.081  1.267  0.141  0.572  1  1.573   11.7   16.0    1.3   12.9   20.2    1.4    9.1   13.5    0.3   10.7   16.5    1.0  -5.40  0.32  0.45  -5.47  0.30  0.47  -5.26  0.34  0.46  -5.41  0.39  0.41  1.12  0.05  0.07  
    L3_0019    J16070854  0  1  0   5.688   0.415  174.7   16.7   10.3  3.506  0.011  0.009  -0.86  0.42  0.40  -0.72  0.09  0.07      0  6.24  0.47  0.87     0   -8.91  0.38  0.38    0       0  -0.843  0.087  0.071  2.037  0.038  0.030  0      0    7.1    1.9    0.0    7.1    2.5    0.0    9.4    1.6    1.5   10.0    1.7    1.6  -3.23  0.07  0.22  -3.25  0.07  0.26  -3.50  0.20  0.13  -3.56  0.21  0.12  2.50  0.08  0.09  
      CITau        CITau  1  0  0   7.759   0.044  128.4    2.0    1.6  3.607  0.024  0.022  -0.11  0.14  0.13  -0.15  0.11  0.11      0  6.13  0.40  0.24     0   -7.55  0.50  0.53    0       0  -0.413  0.066  0.081  2.058  0.059  0.019  0      0   11.3    2.6    2.1   14.6    3.3    2.5   12.3    2.6    2.1   16.0    3.0    2.6  -3.26  0.23  0.14  -3.45  0.19  0.13  -3.33  0.22  0.12  -3.50  0.18  0.12  2.84  0.03  0.06  
      CYTau        CYTau  1  0  0   7.759   0.044  128.5    1.9    1.7  3.560  0.017  0.017  -0.48  0.10  0.09  -0.35  0.11  0.12      0  6.26  0.29  0.22     0   -8.44  0.51  0.53    0       0  -0.739  0.050  0.088  1.667  0.027  0.024  0      0   13.1    2.5    2.2   14.1    2.9    2.4   10.8    2.1    1.8   11.6    2.5    1.9  -3.70  0.19  0.12  -3.74  0.17  0.14  -3.56  0.21  0.12  -3.60  0.19  0.14  2.01  0.05  0.05  
      DKTau        DKTau  1  0  0   7.781   0.059  128.1    2.0    1.8  3.602  0.023  0.024   0.05  0.18  0.19  -0.21  0.11  0.15      0  5.85  0.44  0.39     0   -7.48  0.50  0.56    0       0  -1.226  0.062  0.085  1.635  0.147  0.057  0      0   22.3    5.8    4.2   26.6    8.4    4.7   25.5    5.1    4.5   29.9    8.1    4.8  -4.56  0.19  0.14  -4.66  0.17  0.16  -4.63  0.16  0.12  -4.72  0.15  0.15  3.04  0.05  0.05  
      DMTau        DMTau  1  1  0   6.890   0.051  144.5    2.6    2.1  3.568  0.018  0.017  -0.62  0.03  0.03  -0.28  0.10  0.10      0  6.62  0.22  0.22     0   -8.40  0.51  0.52    0       0  -0.552  0.055  0.084  2.125  0.064  0.030  0      0    8.5    1.5    0.5   10.3    2.0    1.1    9.5    2.7    0.7   12.5    2.4    1.9  -3.15  0.10  0.15  -3.34  0.16  0.13  -3.30  0.16  0.17  -3.49  0.18  0.12  2.52  0.04  0.05  
      DNTau        DNTau  1  0  0   7.799   0.054  127.6    2.1    1.6  3.588  0.022  0.026  -0.18  0.08  0.08  -0.26  0.13  0.14      0  6.08  0.31  0.29     0   -8.23  0.50  0.54    0       0  -0.817  0.055  0.079  1.689  0.019  0.017  0      0   17.0    3.3    3.0   20.5    4.1    3.4   16.3    3.1    2.8   19.9    3.7    3.4  -3.96  0.17  0.11  -4.08  0.15  0.11  -3.93  0.17  0.12  -4.07  0.16  0.11  2.56  0.05  0.05  
      DOTau        DOTau  1  0  0   7.175   0.053  139.0    2.1    2.3  3.584  0.025  0.023   0.13  0.19  0.18  -0.36  0.18  0.06      0  5.64  0.30  0.57     0   -7.09  0.53  0.51    0       0  -0.593  0.054  0.083  1.423  0.031  0.028  0      0   27.0    9.4    4.5   28.7   23.4    3.8   37.2   11.2    6.1   38.8   30.7    4.8  -4.04  0.16  0.14  -4.09  0.15  0.27  -4.20  0.14  0.14  -4.24  0.12  0.27  3.46  0.06  0.07  
      FNTau        FNTau  1  0  3   7.620   0.062  130.7    2.2    1.8  3.494  0.021  0.020  -0.14  0.09  0.10  -0.67  0.11  0.04      0  4.80  0.60  0.00  5.68       0     0     0    9       0  -1.405  0.056  0.087  1.097  0.128  0.534  1  1.348   31.4   35.4    4.2   33.1   47.5    3.5   37.8   42.6    4.9   39.4   57.3    3.8  -5.01  0.20  0.31  -5.10  0.24  0.30  -5.11  0.20  0.29  -5.19  0.22  0.31  2.98  0.05  0.05  
      FYTau        FYTau  1  0  0   7.680   0.071  129.7    2.3    1.9  3.639  0.023  0.024   0.14  0.14  0.14  -0.02  0.09  0.15      0  6.10  0.34  0.32     0   -7.60  0.52  0.51    0       0  -1.690  0.059  0.084  1.041  0.098  0.400  0      0   41.4   34.5    6.0   42.9   53.2    4.3   29.0   23.3    4.2   30.1   36.8    3.0  -5.42  0.18  0.25  -5.47  0.19  0.30  -5.22  0.18  0.26  -5.30  0.21  0.30  2.32  0.05  0.05  
      GMAur        GMAur  1  1  0   6.264   0.083  158.9    3.6    3.0  3.676  0.015  0.017   0.20  0.11  0.10   0.12  0.02  0.08      0  6.42  0.21  0.25     0   -8.14  0.54  0.48    0       0  -0.077  0.052  0.084  2.145  0.015  0.017  0      0   11.9    2.4    2.0   13.3    2.5    2.2   12.3    2.2    2.1   13.7    2.4    2.3  -2.98  0.20  0.13  -3.06  0.18  0.13  -3.01  0.20  0.12  -3.08  0.18  0.11  3.04  0.04  0.05  
   Haro6-13     Haro6-13  1  0  0   7.665   0.188  129.7    4.2    3.1  3.585  0.025  0.023  -0.23  0.12  0.11  -0.26  0.14  0.14      0  6.13  0.36  0.30     0   -7.68  0.54  0.50    0       0  -0.391  0.069  0.094  1.810  0.264  0.059  0      0   16.4    4.4    3.3   21.9    7.8    3.2   28.0    6.8    5.1   36.5   11.9    5.5  -3.52  0.24  0.16  -3.70  0.15  0.17  -3.85  0.20  0.12  -3.98  0.14  0.16  3.44  0.04  0.06  
      HPTau        HPTau  1  0  0   5.645   0.107  176.0    5.2    3.9  3.676  0.015  0.017   0.49  0.11  0.11   0.14  0.05  0.10      0  6.04  0.20  0.26     0   -8.32  0.54  0.48    0       0  -0.769  0.059  0.081  1.594  0.027  0.027  0      0   37.2    8.0    6.8   64.8   12.3   12.4   41.1    8.3    7.1   69.6   14.3   11.5  -4.37  0.14  0.11  -4.64  0.12  0.11  -4.42  0.13  0.12  -4.69  0.13  0.10  3.46  0.04  0.05  
      IPTau        IPTau  1  0  0   7.658   0.042  130.1    2.0    1.7  3.585  0.024  0.024  -0.39  0.13  0.13  -0.23  0.13  0.13      0  6.43  0.34  0.34     0   -8.31  0.56  0.48    0       0  -1.572  0.058  0.085  1.539  0.074  0.060  0      0   15.1    3.9    2.6   15.8    5.0    2.6   15.3    3.3    2.7   15.8    4.6    2.6  -4.64  0.18  0.15  -4.68  0.18  0.18  -4.65  0.19  0.13  -4.68  0.17  0.16  2.41  0.03  0.06  
      IQTau        IQTau  1  0  0   7.618   0.062  130.8    2.2    1.9  3.576  0.021  0.019  -0.15  0.12  0.11  -0.30  0.11  0.14      0  5.94  0.31  0.31     0   -7.86  0.54  0.51    0       0  -0.836  0.054  0.081  1.854  0.014  0.016  0      0   13.8    2.8    2.5   16.3    3.0    2.9   14.1    2.4    2.5   16.4    2.9    2.8  -3.83  0.18  0.13  -3.95  0.18  0.11  -3.85  0.19  0.11  -3.95  0.16  0.11  2.68  0.03  0.06  
  IRAS04125    IRAS04125  1  1  0   6.252   0.066  159.2    3.3    2.8  3.564  0.018  0.017  -0.39  0.06  0.06  -0.34  0.10  0.10      0  6.16  0.26  0.17     0   -9.39  0.55  0.47    0       0  -1.250  0.054  0.084  1.675  0.023  0.025  0      0   12.8    2.2    2.3   13.2    2.1    2.4   10.8    2.0    1.7   11.2    2.0    1.8  -4.19  0.18  0.12  -4.20  0.18  0.12  -4.07  0.19  0.13  -4.10  0.20  0.12  2.16  0.05  0.05  
  IRAS04385    IRAS04385  1  0  0   6.259   0.384  159.6   11.6    8.9  3.583  0.026  0.022  -0.30  0.10  0.11  -0.21  0.11  0.16      0  6.32  0.29  0.34     0   -8.27  0.56  0.49    0       0  -1.091  0.086  0.094  1.266  0.187  0.089  0      0   37.8   11.9    7.3   68.6   17.1   14.8   59.3   18.0   10.7  103.7   26.3   21.4  -4.72  0.18  0.14  -5.00  0.17  0.12  -4.96  0.18  0.13  -5.20  0.15  0.12  3.23  0.07  0.08  
2MJ04333905  2MJ04333905  1  0  0   6.207   0.284  160.0    9.3    6.4  3.556  0.017  0.017  -1.04  0.13  0.13  -0.35  0.08  0.12      0  7.09  0.28  0.32     0       0     0     0    9       0  -0.984  0.063  0.094  1.954  0.028  0.026  0      0    7.4    0.9    0.1    8.0    1.6    0.3    7.6    1.9    0.1    8.9    2.1    0.6  -3.44  0.08  0.13  -3.54  0.11  0.16  -3.50  0.09  0.19  -3.63  0.12  0.18  2.04  0.06  0.07  
2MJ04334465  2MJ04334465  1  0  3   5.772   0.192  172.3    7.4    5.6  3.499  0.020  0.019  -0.39  0.09  0.08  -0.75  0.14  0.03      0  5.14  0.58  0.23  5.91       0     0     0    9       0  -1.176  0.063  0.090  1.767  0.058  0.076  0      0   14.3    3.5    2.6   18.0    8.5    2.9   12.6    3.0    2.3   16.0    7.4    2.6  -4.21  0.20  0.15  -4.41  0.21  0.19  -4.11  0.20  0.15  -4.34  0.22  0.19  2.21  0.05  0.05  
      GOTau        GOTau  1  0  0   6.917   0.048  143.9    2.6    2.1  3.583  0.026  0.022  -0.51  0.12  0.13  -0.12  0.01  0.23      0  6.64  0.29  0.35     0   -8.03  0.49  0.55    0       0  -0.711  0.070  0.078  2.224  0.076  0.029  0      0    8.1    1.4    0.2   12.1    2.6    1.3    8.0    0.9    0.2   11.5    2.0    1.2  -3.25  0.09  0.15  -3.61  0.15  0.14  -3.22  0.09  0.13  -3.57  0.14  0.13  2.17  0.03  0.06  
     LkCa15       LkCa15  1  1  0   6.295   0.048  158.2    2.9    2.6  3.638  0.025  0.023   0.02  0.17  0.18   0.01  0.04  0.16      0  6.31  0.33  0.38     0   -8.23  0.55  0.48    0       0  -0.291  0.058  0.078  2.087  0.010  0.008  0      0   10.3    2.4    1.7   10.8    2.5    1.8    9.9    1.8    1.7   10.5    1.8    1.8  -3.08  0.23  0.14  -3.12  0.22  0.14  -3.04  0.22  0.11  -3.09  0.22  0.10  2.72  0.05  0.05  
      MHO-6        MHO-6  1  0  1   7.046   0.097  141.4    3.0    2.6  3.499  0.020  0.019  -1.12  0.12  0.12  -0.93  0.34  0.00  -0.49  6.37  0.38  0.35     0   -9.51  0.47  0.59    2  -10.47  -1.309  0.059  0.083  1.568  0.082  0.067  0      0   10.1    2.7    1.6   11.0    4.7    1.6    7.7    2.5    0.2    8.8    3.9    0.8  -4.08  0.22  0.17  -4.19  0.23  0.21  -3.84  0.10  0.22  -4.00  0.19  0.24  1.32  0.04  0.06
      SUAur        SUAur  1  0  2   6.314   0.059  157.8    3.0    2.8  3.741  0.022  0.021   1.13  0.15  0.14   0.43  0.04  0.08   0.30  5.93  0.34  0.26     0   -8.12  0.53  0.50    1   -7.24  -1.168  0.055  0.082  1.154  0.114  0.515  1  1.401   61.7   67.5    8.8   64.5   88.9    7.7   65.0   69.6    9.2   67.6   92.3    7.8  -5.12  0.18  0.28  -5.18  0.20  0.29  -5.14  0.17  0.28  -5.19  0.19  0.30  4.03  0.05  0.08  
      UXTau        UXTau  1  1  0   7.147   0.100  139.4    2.9    2.6  3.691  0.015  0.017   0.27  0.16  0.18   0.16  0.04  0.06      0  6.39  0.30  0.26     0   -7.85  0.49  0.54    0       0  -0.827  0.052  0.084  1.596  0.011  0.011  0      0   19.4    4.4    3.3   19.6    4.4    3.3   19.8    3.5    3.4   20.2    3.4    3.4  -4.06  0.16  0.12  -4.07  0.16  0.13  -4.06  0.15  0.11  -4.07  0.14  0.11  3.08  0.06  0.07  
  V410Xray2    V410Xray2  1  0  3   7.748   0.478  128.7    9.7    6.8  3.585  0.024  0.024   0.35  0.11  0.08  -0.32  0.09  0.06      0  5.44  0.09  0.55  5.71       0     0     0    9       0  -1.642  0.085  0.094  1.327  0.112  0.083  0      0   35.4   13.7    5.5   37.5   37.6    3.9   23.2    8.1    3.9   24.4   24.5    2.5  -5.24  0.15  0.16  -5.30  0.14  0.29  -5.00  0.18  0.17  -5.09  0.17  0.29  2.42  0.08  0.06  
    V836Tau      V836Tau  1  0  0   5.897   0.043  168.8    3.3    2.9  3.611  0.020  0.024  -0.08  0.11  0.11  -0.14  0.09  0.14      0  6.12  0.36  0.25     0   -8.80  0.50  0.53    0       0  -1.044  0.055  0.082  1.357  0.042  0.030  0      0   23.1    5.3    3.9   24.0    7.9    3.7   20.0    4.0    3.5   20.8    6.3    3.3  -4.39  0.15  0.12  -4.43  0.15  0.15  -4.29  0.16  0.12  -4.33  0.15  0.15  2.45  0.06  0.07  
      AS209        AS209  1  0  0   8.266   0.062  120.6    1.8    1.6  3.628  0.026  0.025   0.15  0.20  0.21  -0.08  0.11  0.14      0  5.96  0.45  0.36     0   -7.28  0.51  0.54    0       0  -0.346  0.059  0.076  1.930  0.012  0.015  0      0   15.0    4.2    2.5   17.6    4.5    2.9   23.8    4.5    3.8   27.4    4.9    4.5  -3.45  0.19  0.14  -3.55  0.17  0.13  -3.73  0.15  0.11  -3.81  0.14  0.10  3.66  0.05  0.05
     DoAr25       DoAr25  1  0  0   7.222   0.076  137.9    2.6    2.2  3.628  0.026  0.025  -0.02  0.21  0.20  -0.02  0.04  0.19      0  6.25  0.35  0.44     0   -8.29  0.56  0.50    0       0  -0.248  0.051  0.085  2.067  0.013  0.012  0      0   11.2    2.9    2.0   13.4    3.4    2.3   10.1    2.0    1.6   12.3    2.1    2.0  -3.13  0.23  0.15  -3.28  0.20  0.13  -3.04  0.21  0.12  -3.19  0.19  0.11  2.60  0.04  0.08  
     DoAr33       DoAr33  1  0  0   7.147   0.055  139.4    2.4    2.1  3.651  0.025  0.026   0.18  0.20  0.21   0.04  0.05  0.17      0  6.17  0.35  0.41     0       0     0     0    9       0  -1.144  0.073  0.085  1.485  0.194  0.076  0      0   23.1    8.2    4.3   24.9   16.6    3.6   16.2    4.3    3.2   17.3   10.6    2.4  -4.51  0.20  0.15  -4.56  0.16  0.24  -4.26  0.22  0.15  -4.33  0.17  0.24  2.33  0.04  0.08  
     DoAr44       DoAr44  1  1  0   6.853   0.046  145.4    2.4    2.2  3.675  0.016  0.016   0.25  0.20  0.21   0.12  0.04  0.08      0  6.29  0.32  0.32     0   -7.97  0.51  0.51    0       0  -0.635  0.056  0.081  1.789  0.022  0.017  0      0   15.9    4.0    2.7   16.5    4.1    2.9   18.4    3.5    3.0   18.9    3.6    3.0  -3.75  0.19  0.13  -3.77  0.18  0.14  -3.83  0.15  0.11  -3.84  0.15  0.12  3.26  0.06  0.07  
    Elias20      Elias20  1  0  3   7.224   0.227  138.3    4.9    4.6  3.588  0.022  0.026   0.35  0.22  0.19  -0.32  0.12  0.07      0  5.04  0.60  0.14  5.90   -6.90  0.54  0.50    0       0  -0.582  0.062  0.084  1.651  0.023  0.024  0      0   24.7    5.8    4.7   31.0    7.7    5.6   22.0    4.2    3.8   28.1    5.4    4.8  -3.95  0.16  0.14  -4.08  0.14  0.13  -3.88  0.14  0.12  -4.02  0.13  0.12  2.97  0.06  0.08  
    Elias24      Elias24  1  0  0   7.341   0.109  135.7    3.0    2.5  3.628  0.026  0.025   0.78  0.20  0.21  -0.11  0.16  0.08      0  5.29  0.26  0.41     0   -6.40  0.54  0.52    0       0  -0.062  0.061  0.076  1.962  0.013  0.013  0      0   22.7    5.4    4.5   31.5    7.2    5.8   20.8    4.1    3.6   29.4    5.1    5.1  -3.39  0.17  0.12  -3.57  0.14  0.12  -3.33  0.15  0.11  -3.52  0.13  0.12  3.45  0.05  0.07  
      GSS39        GSS39  1  0  0   8.630   0.976  115.9   18.7    9.8  3.586  0.023  0.025  -0.04  0.23  0.23  -0.31  0.15  0.11      0  5.89  0.43  0.58     0   -7.19  0.53  0.58    0       0  -0.337  0.134  0.112  2.142  0.062  0.043  0      0    9.0    4.7    0.1   16.3    4.2    2.7    8.8    2.9    0.3   14.9    2.7    2.2  -3.12  0.22  0.20  -3.45  0.22  0.15  -3.00  0.16  0.20  -3.38  0.21  0.14  2.54  0.13  0.10  
    RXJ1633      RXJ1633  1  1  0   7.074   0.075  140.8    2.7    2.3  3.639  0.023  0.025  -0.00  0.18  0.22   0.00  0.04  0.16      0  6.32  0.36  0.39     0  -10.07  0.52  0.52    0       0  -0.631  0.059  0.080  1.696  0.011  0.011  0      0   15.1    3.7    2.7   15.5    3.7    2.7   12.0    2.1    2.0   12.4    2.2    2.1  -3.69  0.19  0.14  -3.70  0.18  0.13  -3.52  0.20  0.11  -3.54  0.19  0.12  2.36  0.06  0.07  
        SR4          SR4  1  0  0   7.430   0.046  134.0    2.2    1.8  3.610  0.021  0.023   0.07  0.20  0.21  -0.17  0.11  0.14      0  5.93  0.42  0.40     0   -6.94  0.55  0.51    0       0  -0.861  0.057  0.079  1.442  0.029  0.027  0      0   22.0    5.5    3.9   23.1    6.0    4.2   28.5    5.7    4.5   29.9    6.4    4.9  -4.18  0.17  0.13  -4.19  0.15  0.14  -4.32  0.14  0.11  -4.35  0.14  0.11  3.32  0.05  0.08  
       SR13         SR13  1  0  0   7.280   0.150  136.8    3.7    3.0  3.526  0.027  0.023  -0.32  0.21  0.20  -0.60  0.16  0.10      0  5.85  0.17  0.81     0   -8.21  0.50  0.56    0       0  -0.825  0.057  0.082  1.656  0.029  0.035  0      0   13.3    3.2    2.4   13.8    3.3    2.6   16.8    3.0    3.0   17.3    3.0    3.0  -3.82  0.21  0.13  -3.84  0.21  0.13  -3.96  0.17  0.11  -3.97  0.15  0.12  2.85  0.05  0.07  
       SR21         SR21  1  1  0   7.225   0.057  138.0    2.1    2.3  3.763  0.025  0.024   1.11  0.22  0.18   0.41  0.06  0.09      0  6.19  0.34  0.38     0   -8.07  0.53  0.50    0       0  -0.397  0.053  0.081  1.777  0.019  0.011  0      0   26.7    6.6    4.6   27.4    7.1    4.5   31.7    5.8    5.1   32.8    5.9    5.4  -3.84  0.16  0.11  -3.84  0.15  0.13  -3.91  0.13  0.10  -3.93  0.13  0.11  4.20  0.03  0.06  
       SR24         SR24  1  1  0   8.739   0.347  114.0    5.4    4.1  3.698  0.026  0.024   0.58  0.19  0.21   0.21  0.06  0.12      0  6.10  0.33  0.35     0   -7.48  0.55  0.49    0       0  -0.467  0.070  0.081  1.707  0.021  0.019  0      0   21.7    5.5    3.8   22.9    5.6    4.0   17.5    3.0    3.0   18.3    3.3    3.1  -3.77  0.16  0.13  -3.80  0.17  0.13  -3.62  0.17  0.11  -3.65  0.16  0.12  2.95  0.06  0.08  
     WaOph6       WaOph6  1  0  0   8.073   0.047  123.4    1.9    1.5  3.624  0.025  0.026   0.46  0.20  0.21  -0.17  0.17  0.09      0  5.51  0.40  0.45     0   -6.56  0.52  0.54    0       0  -0.454  0.059  0.082  1.937  0.075  0.040  0      0   19.7    5.2    3.7   27.6    7.4    4.5   17.1    3.4    3.2   24.7    4.6    4.2  -3.72  0.19  0.13  -3.93  0.16  0.13  -3.62  0.18  0.12  -3.84  0.15  0.12  3.01  0.04  0.08  
       WL18         WL18  1  0  0   7.543   0.485  131.6   11.0    6.7  3.610  0.021  0.024  -0.47  0.21  0.20  -0.10  0.04  0.14      0  6.72  0.38  0.41     0   -7.82  0.52  0.53    0       0  -1.323  0.084  0.100  1.274  0.081  0.115  0      0   20.2    8.5    3.4   21.1   13.4    3.2   17.4    6.1    2.8   18.1   10.5    2.6  -4.60  0.19  0.19  -4.64  0.19  0.26  -4.49  0.18  0.19  -4.53  0.17  0.27  2.04  0.08  0.08  
      WSB52        WSB52  1  0  0   7.298   0.092  136.4    2.8    2.2  3.572  0.027  0.023  -0.15  0.21  0.20  -0.32  0.13  0.17      0  5.85  0.48  0.52     0   -7.58  0.53  0.53    0       0  -0.814  0.064  0.084  1.769  0.100  0.083  0      0   19.7    5.9    4.4   37.0   12.2    8.2   25.3    6.0    5.0   46.5   13.2    9.7  -4.07  0.22  0.15  -4.43  0.18  0.14  -4.21  0.18  0.13  -4.54  0.16  0.13  3.05  0.04  0.08  
      WSB60        WSB60  1  1  0   7.295   0.137  136.5    3.5    2.8  3.528  0.024  0.026  -0.63  0.21  0.20  -0.65  0.24  0.11      0  6.08  0.41  0.68     0   -8.85  0.52  0.57    0       0  -0.599  0.062  0.079  1.664  0.045  0.024  0      0   11.9    3.0    2.1   12.8    3.2    2.2   13.3    2.5    2.2   14.3    2.7    2.4  -3.52  0.23  0.13  -3.55  0.21  0.14  -3.58  0.20  0.11  -3.63  0.19  0.11  2.35  0.05  0.07  
      CQTau        CQTau  1  1  0   6.131   0.082  162.7    3.3    3.6  3.841  0.032  0.037   1.00  0.33  0.28   0.18  0.09  0.03      0  7.04  0.40  0.40     0   -9.24  1.20  1.08    1   -7.52  -0.220  0.062  0.075  1.763  0.018  0.018  0      0   24.5    8.0    4.5   25.1    8.2    4.7   36.0    6.7    5.8   36.6    7.1    5.7  -3.61  0.18  0.14  -3.62  0.17  0.14  -3.81  0.14  0.10  -3.81  0.13  0.11  4.42  0.04  0.05  
   HD163296     HD163296  1  0  0   9.853   0.114  101.2    1.7    1.4  3.965  0.035  0.034   1.23  0.31  0.30   0.31  0.05  0.03      0  7.10  0.6   0.6      0   -7.40  0.28  0.32    0       0  -0.009  0.049  0.084  1.988  0.006  0.007  0      0   26.2    9.0    4.8   32.4   10.8    5.8   26.7    4.5    4.8   32.8    5.4    5.7  -3.46  0.19  0.13  -3.57  0.17  0.13  -3.43  0.14  0.10  -3.54  0.13  0.11  3.96  0.03  0.06
    LkHa330      LkHa330  1  1  0   3.216   0.079  309.0   12.8   11.6  3.765  0.025  0.024   1.36  0.20  0.20   0.47  0.06  0.09      0  6.09  0.27  0.43     0   -7.60  0.51  0.52    0       0   0.015  0.063  0.085  2.141  0.026  0.025  0      0   19.9    5.3    3.3   20.5    5.4    3.3   20.2    3.4    3.6   20.9    3.3    3.8  -3.26  0.18  0.12  -3.27  0.17  0.12  -3.23  0.16  0.11  -3.25  0.15  0.11  4.11  0.06  0.07  
     MWC758       MWC758  1  1  0   6.240   0.067  159.7    3.1    3.1  3.879  0.026  0.024   0.99  0.20  0.21   0.22  0.02  0.04      0  7.11  0.37  0.22     0   -6.14  0.49  0.53    0       0  -0.633  0.058  0.078  1.923  0.010  0.010  0      0   20.0    4.7    3.6   20.3    4.8    3.7   24.5    4.3    4.0   24.9    4.3    4.1  -3.88  0.16  0.13  -3.88  0.16  0.14  -3.99  0.13  0.11  -4.01  0.14  0.11  4.12  0.04  0.06  
    RXJ1604      RXJ1604  1  1  4   6.662   0.056  149.2    2.9    2.2  3.690  0.025  0.024  -0.22  0.16  0.15   0.03  0.03  0.09      0  7.11  0.47  0.38  6.48  -11.21  0.33  0.11    1  -10.66  -0.644  0.057  0.083  2.034  0.013  0.009  0      0    9.0    2.0    1.5    9.1    2.1    1.4    7.1    1.7    0.0    7.1    1.9    0.0  -3.33  0.24  0.12  -3.35  0.24  0.12  -3.06  0.06  0.20  -3.08  0.06  0.21  2.26  0.04  0.06  
    RXJ1615      RXJ1615  1  1  0   6.342   0.036  157.0    2.8    2.5  3.638  0.025  0.024  -0.03  0.21  0.20   0.00  0.04  0.16      0  6.31  0.38  0.37     0   -8.60  0.56  0.49    0       0  -0.254  0.054  0.080  2.059  0.015  0.014  0      0   11.6    3.1    2.1   13.6    3.4    2.3   11.0    1.8    2.0   12.7    2.2    2.2  -3.17  0.25  0.12  -3.27  0.21  0.13  -3.07  0.21  0.12  -3.20  0.19  0.11  2.61  0.06  0.07  
  SAO206462    SAO206462  1  1  0   7.365   0.077  135.2    2.5    2.1  3.819  0.025  0.026   0.86  0.21  0.20   0.16  0.07  0.02      0  7.12  0.40  0.40     0   -7.43  0.55  0.49    0       0  -0.250  0.060  0.078  1.884  0.014  0.012  0      0   20.4    5.1    3.5   20.9    5.6    3.3   21.7    3.9    3.6   22.5    3.9    3.8  -3.51  0.16  0.13  -3.53  0.16  0.14  -3.55  0.15  0.10  -3.56  0.15  0.11  3.72  0.05  0.05  
      TWHya        TWHya  1  1  0  16.643   0.042   59.7    0.7    0.1  3.612  0.027  0.023  -0.47  0.21  0.20  -0.09  0.04  0.15      0  6.75  0.38  0.41     0   -8.57  0.49  0.56    0       0  -0.612  0.054  0.077  1.665  0.004  0.002  0      0   13.7    3.4    2.5   16.3    4.1    2.8   16.7    2.8    3.0   20.0    3.2    3.6  -3.60  0.20  0.15  -3.73  0.18  0.13  -3.72  0.17  0.11  -3.83  0.14  0.11  2.63  0.05  0.07  
     UZTauE       UZTauE  1  0  0   7.622   0.092  130.8    2.4    2.2  3.550  0.016  0.014  -0.09  0.19  0.15  -0.17  0.09  0.09      0  6.02  0.33  0.34     0   -8.52  0.54  0.49    0       0  -0.482  0.053  0.083  1.912  0.014  0.013  0      0   13.4    3.1    2.4   15.9    3.7    2.7   17.9    3.1    3.1   20.9    3.8    3.4  -3.48  0.20  0.13  -3.59  0.17  0.14  -3.66  0.16  0.12  -3.76  0.15  0.11  3.19  0.03  0.06
    L4_0159        Sz133  0  0  0   6.532   0.566  152.5   17.6   10.4  3.638  0.021  0.019   0.02  0.26  0.27  -0.01  0.05  0.13      0  6.28  0.40  0.46     0   -8.92  0.39  0.32    0       0  -1.059  0.095  0.085  1.843  0.042  0.037  0      0   14.7    4.3    2.7   17.4    5.1    3.0   10.8    2.1    1.8   13.0    2.3    2.1  -4.10  0.22  0.15  -4.20  0.19  0.15  -3.85  0.23  0.12  -3.99  0.20  0.12  2.23  0.10  0.09
    L3_0018    J16070384  0  0  0   6.550   0.638  151.3   21.2   10.5  3.506  0.009  0.011  -0.99  0.18  0.16  -0.74  0.11  0.07      0  6.28  0.28  0.38     0       0     0     0    9       0  -2.337  0.174  0.205  1.682  0.422  0.194  0      0    8.0    5.6    0.1   10.0    6.2    1.1    7.8    4.1    0.2    8.8    5.4    0.6  -4.92  0.22  0.51  -5.12  0.30  0.42  -4.84  0.19  0.49  -5.00  0.25  0.46  1.62  0.11  0.11
    L3_0026    J16073773  0  0  0   5.734   0.155  173.5    6.2    5.0  3.486  0.009  0.010  -1.05  0.15  0.15  -0.92  0.10  0.04      0  6.17  0.12  0.62     0  -10.08  0.32  0.31    0       0  -2.353  0.100  0.073  1.311  0.095  0.418  0      0   14.5   12.7    2.2   15.5   17.8    2.0    8.2    8.8    0.1    9.9   11.4    1.0  -5.40  0.24  0.38  -5.48  0.24  0.41  -4.99  0.20  0.50  -5.18  0.29  0.44  1.01  0.05  0.08
    L3_0038    J16081497  0  0  0   6.864   0.898  144.5   30.3   12.3  3.486  0.009  0.011  -1.02  0.20  0.18  -0.89  0.08  0.07      0  6.14  0.13  0.72     0  -10.10  0.34  0.40    0       0  -1.984  0.159  0.106  1.304  0.100  0.081  0      0   14.5    4.8    2.3   15.5    9.2    2.2    8.9    2.6    1.0    9.7    5.6    1.2  -5.00  0.23  0.19  -5.06  0.22  0.26  -4.59  0.20  0.22  -4.69  0.22  0.31  0.94  0.16  0.11
    L3_0070    J16085373  0  0  0   6.400   0.825  155.5   31.1   13.7  3.485  0.011  0.009  -1.02  0.20  0.19  -0.90  0.09  0.05      0  6.13  0.15  0.70     0  -10.06  0.39  0.34    0       0  -2.383  0.162  0.117  1.154  0.142  0.452  1  1.462   17.0   17.3    2.4   18.3   23.3    2.1    9.4   10.7    0.6   10.9   13.8    1.1  -5.59  0.30  0.35  -5.64  0.27  0.39  -5.19  0.31  0.43  -5.27  0.28  0.47  0.88  0.16  0.13
    L3_0030    J16075475  0  0  0   6.507   0.662  152.6   22.3   11.2  3.506  0.009  0.011  -0.98  0.18  0.18  -0.72  0.08  0.09      0  6.31  0.25  0.41     0       0     0     0    9       0  -2.333  0.212  0.122  1.617  0.618  0.095  0      0    7.8    4.5    0.1    9.3    4.3    0.9    7.2    1.9    0.0    7.3    2.8    0.0  -4.82  0.19  0.45  -5.06  0.33  0.27  -4.73  0.20  0.28  -4.77  0.18  0.32  1.31  0.12  0.11
