\ Title: Multi-wavelength continuum sizes of protoplanetary discs: scaling relations and implications for grain growth and radial drift
\ Authors: Tazzari M., Clarke C.J., Testi L., Williams J.P., Facchini S., Manara C.F., Natta A., Rosotti G.
\ Table: Parameters of the inferred brightness profiles: modified self-similar brightness.
\ Notes: Columns with name ending with '_e' contain the uncertainties on the respective measurements.
\ Units: wle: mm
\ Units: Ftot: mJy
\ Units: Rc, rho68: arcsec
\ Units: R68: au
\ Units: inc, PA: degrees
|                Name|       wle|     Ftot|Ftot_e|          Rc|       Rc_e|     gamma1|   gamma1_e|    gamma2|   gamma2_e|  inc|inc_e|   PA| PA_e| rho68|rho68_e|      R68| R68_e|        ff|
|                char|     float|    float| float|       float|      float|      float|      float|     float|      float|float|float|float|float| float|  float|    float| float|     float|
|                    |          |         |      |            |           |           |           |          |           |     |     |     |     |      |       |         |      |          |
|                null|      null|     null|  null|        null|       null|       null|       null|      null|       null| null| null| null| null|  null|   null|     null|  null|      null|
 Sz 65                 0.8910428 63.505585    0.8   0.18374752 0.051986385 -0.33773482   0.4069757  2.4360583   1.0765313  56.0   1.0 109.0   1.0 0.1624   0.005  25.10962   0.77 0.66229486 
 Sz 65                 1.3311006 28.906551    0.2   0.22256546 0.016668465  -0.5638345  0.14041966  3.9447463    0.859502  61.0   1.0 113.0   1.0 0.1662   0.003 25.697159  0.482 0.66839916 
 Sz 65                  3.101639 4.9056697    0.2   0.23830685  0.08503626  -1.1390208  0.38103515    2.42427   1.2408854  47.0   6.0 100.0   7.0 0.1447   0.012 22.372917  1.836  0.4609902 
 Sz 71                 0.8910428 183.03046    1.2    0.5256317 0.024415795  -0.6578383 0.035762463  1.9550837  0.13251744  42.0   1.0  38.0   1.0 0.4501   0.004  69.86107   0.67  0.5594523 
 Sz 71                 1.3311006  73.88836    0.5    0.4486183 0.025634851  -0.6324943 0.044613544  1.9215031  0.15063836  40.0   1.0  27.0   1.0 0.3918   0.004  60.81219  0.602 0.45792264 
 Sz 71                  3.101639  9.609715    0.2   0.21022667  0.09514567 -0.45943734  0.23982841   1.080687   0.2511534  39.0   3.0  29.0   4.0 0.3389   0.011  52.60146  1.689 0.30366454 
 Sz 82                 0.8986504  674.8366    0.8    1.9645526        0.01  -1.1053442        0.01  4.9997315        0.01  52.0   1.0 144.0   1.0 1.1841   0.002 186.78444  0.239 0.34937117 
 Sz 82                  1.277043 221.50905    2.2    1.6728622 0.025151215  -1.2714314        0.01   4.517876  0.31654936  33.0   1.0   0.0   1.0 0.9054   0.013 142.82124  2.024 0.19720758 
 Sz 82                 3.0978987 19.581396    0.2 0.0030230253        0.01  -1.2747192  0.02734459 0.20719816        0.01  26.0   1.0   0.0   1.0 0.8205   0.036  129.4288  5.735 0.08462885 
 Sz 83                0.89103293 428.08374    2.3   0.39154646 0.012261484  -0.7299548 0.047429696  3.7255282   0.5140716  22.0   1.0  89.0   4.0 0.2785   0.002  44.24592  0.341  1.1185372 
 Sz 83                 1.3311006 167.26578    0.7    0.3928361        0.01  -0.7816886 0.017199496  4.6561418  0.28274953  22.0   1.0 125.0   3.0  0.272   0.002 43.213245   0.27  0.8748607 
 Sz 83                 3.1051636  22.31118    0.1   0.36471438        0.01  -0.9843846 0.025935994  4.3794684  0.44964156  17.0   2.0 111.0   7.0 0.2333   0.002  37.06489  0.334  0.6627448 
 Sz 84                 0.8910428 32.317204    0.5   0.11556103  0.07279409   1.2863469   0.6735821  1.3970169  0.54644597  70.0   2.0   0.0   1.0 0.2364   0.006  35.94249  0.904 0.66834325 
 Sz 84                 1.3311006 12.608944    0.2   0.16999158  0.06515102  0.54877996   0.5093622  1.6262558  0.49494582  66.0   1.0   0.0   1.0 0.2475   0.007 37.630146  1.059  0.3704643 
 Sz 84                 3.1016347 1.5065426    0.1    0.2767344  0.07316333  0.19214445   0.8813882  3.3519335   1.1643716  65.0   4.0 167.0   4.0 0.2529   0.018 38.451168  2.802 0.16816193 
 Sz 129                0.8910428 179.89017    0.9   0.35763398 0.012767366  -0.4048206 0.055220608  3.0971112   0.2879617  24.0   1.0   0.0   1.0 0.2887   0.001 46.465675  0.228  0.7210534 
 Sz 129                1.3311006  75.51869    0.4   0.32360333 0.019525375 -0.18717119  0.08002276   2.339188   0.2113355  33.0   1.0   0.0   1.0 0.3031   0.002  48.78333  0.327  0.5651047 
 Sz 129                3.1016521  9.526932    0.2   0.14836985  0.10134559  0.10830048  0.52457666  1.1762697  0.42899567  40.0   2.0 147.0   3.0 0.2776   0.007 44.679153  1.188  0.3861258 
 J15592838-4021513    0.89103293  275.6061    1.1   0.19286677  0.01120021   4.8832107    0.124865  1.4771351 0.042502087  68.0   1.0 109.0   1.0 0.6019   0.002  95.34419  0.396   0.601312 
 J15592838-4021513     1.3311006  87.28048    0.4   0.32928935 0.034878504   3.1343257  0.27778244  1.8937396  0.13219342  67.0   1.0 109.0   1.0 0.6063   0.003  96.04118  0.414 0.34004182 
 J15592838-4021513     3.1016521  6.356829    0.2   0.44306022  0.16382042   1.5007068   0.8288593  2.1427038   0.8904801  68.0   1.0 109.0   1.0 0.5968   0.015  94.53633  2.334 0.11383657 
 J16000236-4222145     0.8910428  122.0534    1.0    0.5897699 0.020867059 -0.54650134 0.038685128   2.604806  0.21582179  58.0   1.0   0.0   1.0 0.4763   0.004  77.84901  0.694  0.6307201 
 J16000236-4222145     1.3311006 49.469906    0.4   0.62487036 0.016274942 -0.51583827 0.036615934  3.4679573   0.3467421  66.0   1.0 161.0   1.0 0.4786   0.005  78.22493   0.85  0.5559531 
 J16000236-4222145     3.1016521  6.512218    0.2   0.44648954   0.1277769 -0.39630497    0.316806  2.0907416   0.8770426  56.0   2.0 164.0   2.0 0.4099   0.011  66.99624  1.844 0.25580624 
 J16004452-4155310    0.89103293  172.5267    1.2   0.43732193 0.031069415 -0.17515256 0.107466385  2.9693706  0.48413152  73.0   1.0  59.0   1.0 0.3774   0.003 58.834084  0.439  1.1619642 
 J16004452-4155310     1.3311006 66.795204    0.5    0.2640398 0.053975124  0.38890526  0.22937146  1.5921346  0.23336528  66.0   1.0  54.0   1.0 0.3752   0.003  58.49112  0.524 0.61289376 
 J16004452-4155310     3.1016521  8.419459    0.1   0.29415777  0.09470767  0.13544528  0.43678677   1.958508   0.7403005  59.0   1.0  54.0   1.0 0.3291   0.007 51.304443  1.075 0.32029623 
 J16011549-4152351    0.89103293  86.85361    1.4    0.8067818  0.03457547  -0.8179998  0.04062771   2.848714   0.5235041  67.0   1.0 156.0   1.0  0.576   0.011     92.16  1.763        nan 
 J16011549-4152351     1.3311006  23.68244    0.4    0.9019238 0.029581428  -0.9833637 0.023259982    3.17077  0.48822674  69.0   1.0 155.0   1.0 0.5874    0.01    93.984  1.592        nan 
 J16011549-4152351     3.1016645 2.4568305    0.2    0.9750335  0.16876169  -1.1078355  0.09662461  2.8005822   1.3233861  66.0   3.0 156.0   3.0 0.6225   0.063      99.6  10.02        nan 
 Sz 133               0.89103293  69.73983    1.1    0.4319599 0.077439465 -0.18191817  0.16321318  1.8753734  0.37642422  78.0   1.0 127.0   1.0 0.4562   0.009  70.54491  1.378  1.2586154 
 Sz 133                1.3311006 26.633638    0.2   0.49279496 0.033298332 -0.36361733  0.09519757  3.0238147  0.54904807  77.0   1.0 127.0   1.0 0.4031   0.006  62.33374  0.884  0.8380473 
 Sz 133                3.1016645 3.5945687    0.1   0.48428258  0.06219615  -0.5812258   0.1690477  3.4096515   1.1458398  75.0   1.0 127.0   1.0 0.3647   0.011  56.39572  1.721  0.4378436 
 J16070854-3914075    0.89103293  90.90565    1.6   0.08308026 0.033467166   1.6930283   0.2851941  0.8512221  0.09208437  59.0   1.0   0.0   1.0 0.5551   0.014 98.081474  2.423  0.4535183 
 J16070854-3914075     1.3311006  35.71951    0.3  0.105877884 0.049687687   1.4752004   0.3669368  0.9116865  0.12618373  59.0   1.0   0.0   1.0 0.5414   0.005   95.6608  0.953 0.29744542 
 J16070854-3914075     3.1016347 4.8835697    0.1    0.2376242  0.09453273   2.3885038  0.66695386  1.4572577  0.30522087  71.0   1.0 156.0   1.0 0.5555   0.009 98.152145  1.596 0.22090565 
 Sz 98                0.89103293  258.1603    2.0    1.0663244 0.010497461   -0.804968        0.01  4.8592815   0.1547197  47.0   1.0 109.0   1.0 0.7304   0.006 113.59958   0.92 0.26397517 
 Sz 98                 1.3311006 107.07588    0.5    0.7702481 0.032077763 -0.55077124 0.029745359  1.9617865  0.12297431  47.0   1.0 113.0   1.0 0.6902   0.005 107.34725   0.77 0.21151358 
 Sz 98                 3.1051636 12.495556    0.2    0.9717551 0.034407873  -1.0069296   0.0355881  3.5446286    0.656437  46.0   1.0 112.0   2.0 0.6204   0.012  96.49121  1.791 0.12227043 
 Sz 100                0.8910428 54.000397    0.5   0.16432425 0.039184585   3.5401032  0.89771783  2.3139653  0.50728863  46.0   1.0  63.0   1.0 0.2587   0.003  35.32268  0.384  0.5475624 
 Sz 100                1.3311006 22.016165    0.2   0.20135623 0.025448335   3.7214308   0.7294213   3.452113    0.606569  42.0   1.0  67.0   2.0 0.2453   0.003 33.493057  0.398  0.3842948 
 Sz 100                3.1016347 3.1167483    0.1    0.2781317 0.057350215    1.010769  0.63454795  3.2626832   1.0921941  41.0   3.0  72.0   4.0 0.2833   0.007 38.681545  0.987 0.17942958 
 J16083070-3828268    0.89103293 134.24893    0.9   0.48043814  0.01599931   4.8395987  0.17030513  4.2557096  0.34826148  73.0   1.0 107.0   1.0 0.5579   0.003 86.710045  0.466 0.41084304 
 J16083070-3828268     1.3311006  38.28262    0.2   0.48454264        0.01    4.906046  0.10193355   4.820563  0.17645743  72.0   1.0 108.0   1.0 0.5394   0.002  83.83474  0.344 0.21828786 
 J16083070-3828268     3.1016521 4.5305777    0.1   0.39129442 0.012559259  -4.8829646  0.13597712  -4.608602  0.42116538  72.0   1.0 107.0   1.0 0.5918   0.014  91.97886  2.214 0.10133194 
 Sz 111                0.8910428  177.8984    0.8    0.2765565        0.01    4.904443  0.10734673  2.4610095  0.08079706  54.0   1.0  44.0   1.0 0.4482   0.002 70.642944  0.268  0.8377397 
 Sz 111                1.3311006  58.56886    0.3    0.2897049 0.015300148    4.819456  0.20352453  2.5429952  0.13905567  54.0   1.0  44.0   1.0 0.4541   0.002 71.572876  0.284  0.4475477 
 Sz 111                3.1016521 5.7508273    0.1   0.45656052 0.065204784   1.6934894   0.5981167  3.5508559   0.9558902  52.0   2.0  41.0   2.0 0.4805   0.012   75.7339  1.899 0.15301701 
 Sz 114                0.8910428  99.26253    0.5   0.38251662        0.01  -0.9595412 0.022383673  4.5493784   0.3863338  15.0   3.0 158.0   9.0  0.247   0.002 39.893948  0.393  0.6022864 
 Sz 114                1.3311006  42.55932    0.3   0.34391502 0.019952232  -0.7826807  0.06669548  2.8986685  0.47421226  30.0   2.0   0.0   1.0 0.2473   0.003   39.9424  0.455  0.5155227 
 Sz 114                3.1016521 5.3188553    0.1   0.36956912 0.059665896  -1.0432551  0.15948546  3.0245838   1.2754927  11.0   8.0  82.0  64.0 0.2348    0.01 37.923477  1.677 0.26234314 
 Sz 118               0.89103293 60.837624    0.6   0.31783998  0.04922761   3.2337315   0.8034874  3.6143649   0.9002963  66.0   1.0 174.0   1.0 0.3685   0.005 60.119877  0.851 0.34127945 
 Sz 118                1.3311006 23.562595    9.6   0.32751587  0.37511382    3.090474    1.184728   3.665784   0.8078089  65.0   5.0   0.0  27.0 0.3652   0.356  59.58149 58.088 0.23392868 
 Sz 118                3.1016347 2.9267602    0.1   0.27706277  0.08373627   2.3365445  0.86900175  2.3265786   0.8772709  65.0   1.0 172.0   1.0 0.3948   0.012  64.41066  1.924 0.11414569 
 Sz 123                0.8910428 41.348186    0.5   0.21735989 0.019027324   3.1250265   0.6290172  4.1028943    0.654116  39.0   1.0   0.0   1.0 0.2372   0.003 38.442482   0.44  0.3959375 
 Sz 123                1.3311006 16.224968    0.2    0.2361572 0.014824155   2.2734654   0.4452169   4.419671   0.5660611  42.0   1.0   0.0   1.0 0.2421   0.003 39.236614  0.473  0.2758832 
 Sz 123                  3.07557 2.4127283    0.1   0.20613103 0.010755205   3.9512787  0.56751245  4.0512104  0.43236682  43.0   2.0   0.0   1.0 0.2357   0.004  38.19938  0.677 0.17936397 
